0|8479118
0|624407
0|1918234
0|8705986
0|2681641
0|7493447
0|9992521
0|3035508
0|6900644
0|14618647
0|2636438
0|10368651
0|12022248
0|8348666
0|8527080
0|7792246
0|8705981
0|7791327
0|11968039
0|6845124
0|8708483
0|8538452
0|8441653
0|6929113
0|8447418
0|6547389
0|8241086
0|7046797
0|11827809
0|8529223
0|7965328
0|7297308
0|7493713
0|11832460
0|7792602
0|11899547
0|12274339
0|16577430
0|7532373
0|8705980
0|11825569
0|7106390
0|6929993
0|16575149
0|8705985
0|8106343
0|13846312
0|11828214
0|12273364
1|13324172
1|13324044
1|12776761
1|13359087
1|13324021
1|13196488
1|12774718
1|13324012
1|12772587
1|12775316
1|10227389
1|8434801
1|13824368
1|8176138
1|12775117
1|13824537
1|12774415
1|12774059
1|12776546
1|12773884
1|8173803
1|14490626
1|8434754
1|12777065
1|8177379
1|13824011
1|12773222
1|8331478
1|13824238
1|12773147
1|14360092
1|13846358
1|13824215
1|13824377
1|12773721
1|12774031
1|13824393
1|8175731
1|8177235
1|8434765
1|12776685
1|13846251
1|14358436
1|13846384
1|13846545
1|13324332
1|8175730
1|8490338
1|13846056
2|13399494
2|13372149
2|13324172
2|12773266
2|10498730
2|13324044
2|14618248
2|10373617
2|12776339
2|12773375
2|20662545
2|20662548
2|12772982
2|13323943
2|13846289
2|12776761
2|14358719
2|13359087
2|12772651
2|8176285
2|13846964
2|13324021
2|12773106
2|13196488
2|12774718
2|14296794
2|18818811
2|12776855
2|13324012
2|18898294
2|16016341
2|14291534
2|18804082
2|12774878
2|8348672
2|18925574
2|13846952
2|2843971
2|14345204
2|18911127
2|12772417
2|12773821
2|18158485
2|12776113
2|12775601
2|13824089
2|12774236
2|14345285
2|14293020
3|8428019
3|17677052
3|8329751
3|8336549
3|8414060
3|8357049
3|8313818
3|8301722
3|8346845
3|8265486
3|8371348
3|3908867
3|8385207
3|8552709
3|18027045
3|8421614
3|8563639
3|8494269
3|8319934
3|7809774
3|7574563
3|8434488
3|8147890
3|8456387
3|6982588
3|7812718
3|8216313
3|8089722
3|8238834
3|8443803
3|7812709
3|8259789
3|8105621
3|8237288
3|8224679
3|8306598
3|545753
3|7809781
3|8408952
3|7812902
3|8447460
3|7839955
3|7989649
3|8541551
3|8314304
3|20411097
3|8368436
3|8613124
3|8369130
4|8977472
4|8873275
4|8529420
4|4094342
4|4101305
4|4068107
4|4078694
4|4094343
4|4093514
4|4067769
4|4093308
4|4095329
4|8529303
4|4119816
4|4076248
4|4076627
4|4058235
4|4076885
4|4111475
4|545698
4|4083284
4|4116703
4|4098069
4|4108501
4|4076468
4|4080609
4|4058180
4|8529037
4|4051363
4|8527208
4|4072001
4|4078628
4|4058353
4|4078724
4|4112617
4|4075053
4|4488226
4|4076552
4|13847029
4|8528935
4|8530298
4|4048020
4|4071958
4|4048003
4|4072015
4|20197561
4|4078731
4|4116692
4|8527693
5|13845024
5|13846911
5|8602388
5|13846890
5|13846299
5|13845387
5|14431584
5|13845321
5|13824457
5|13845144
5|13845109
5|13872544
5|13872587
5|13845304
5|13845338
5|13845253
5|18704033
5|13846483
5|14345253
5|13824505
5|13846471
5|13846026
5|13846309
5|13845384
5|18759474
5|13844955
5|13846291
5|18738411
5|14065046
5|13847016
5|13845147
5|13824288
5|16743541
5|14493354
5|13846514
5|18735007
5|13846625
5|13845291
5|13846195
5|13845282
5|13846033
5|13846014
5|18741995
5|13845449
5|18705834
5|13847129
5|13824504
5|13824039
5|18723634
6|8090766
6|8148865
6|2892259
6|14490652
6|4094687
6|9435893
6|17677052
6|4092373
6|8375913
6|9632840
6|2597869
6|8456663
6|4418086
6|1774964
6|8565490
6|15226154
6|12034983
6|4096140
6|4011141
6|2719616
6|3746262
6|7445165
6|4068865
6|8388773
6|8925400
6|8568570
6|4044302
6|8227515
6|8628236
6|8518232
6|1833567
6|4094450
6|11594440
6|2804272
6|9594491
6|4412298
6|2804229
6|8540963
6|4094288
6|8443764
6|9449801
6|8602388
6|9544425
6|3015299
6|7908621
6|3016090
6|11496121
6|9916523
6|4092540
7|13846305
7|10512178
7|6845124
7|10520725
7|10520799
7|4008220
7|10520413
7|13824521
7|16743526
7|10520802
7|4078854
7|10520761
7|10520740
7|10157470
7|10520734
7|10520784
7|13846989
7|10520757
7|10533194
7|10520736
7|16743453
7|10512047
7|13824508
7|16743882
7|10532420
7|10520743
7|13845955
7|13846294
7|13845908
7|20568769
7|19041690
7|14063589
7|13846046
7|10499558
7|10520732
7|10520792
7|10520719
7|10074839
7|10511515
7|2024333
7|20568770
7|2102310
7|18725627
7|10530083
7|8552757
7|13846264
7|20568760
7|10520790
7|10520751