12773266|8388773|0.00786235050018869
12773266|14455000|0.006907571010033596
12773266|8227515|0.006126623031211846
12773266|7445165|0.005659099479437625
12773266|8560875|0.005427976343704971
12773266|8565490|0.0050607361949078665
12773266|4011141|0.004911921939704897
12773266|8369871|0.0047917704443411775
12773266|8628236|0.004575852779051083
12773266|4006599|0.004435949634504974
12773266|12920610|0.002477291494632535
2892259|10520802|0.0031088082901554403
2892259|10520799|0.0025619128949615714
2892259|8925400|6.144015728680265E-4
2892259|13846305|3.006614552014432E-4
2892259|2892259|6.912283127116886E-5
10157470|13846305|0.037491749174917495
10157470|10520784|0.024375917767988253
10157470|4008220|0.022400597349262648
10157470|10520740|0.021719250114311844
10157470|19041690|0.02103036336485814
10157470|10520799|0.015873015873015872
10157470|16743882|0.015343562374916611
10157470|16743453|0.015235457063711912
10157470|10520802|0.015024038461538462
10157470|8547213|0.014096916299559472
10157470|17879108|0.013634852011972065
10157470|13846046|0.012260127931769723
10157470|10520734|0.012259194395796848
10157470|16743526|0.011094674556213017
10157470|2102310|0.010546970811871474
10157470|8925400|0.01014645352732842
10157470|4092540|0.010035652977683877
10157470|8529462|0.00856610800744879
10157470|13824521|0.008291873963515755
10157470|2024333|0.008062484252960444
10204222|3051601|0.006389776357827476
10204222|8786608|0.003464203233256351
10204222|12854311|0.0033076074972436605
10204222|1774964|0.0026936026936026937
10204222|3908867|0.0015748031496062992
10204222|8925400|0.0014731156395777069
10204222|7850293|0.001348314606741573
10204222|8602388|0.001221001221001221
10204222|10157470|0.001184834123222749
10204222|3015299|0.001095690284879474
10204222|4092540|7.619047619047619E-4
10204222|2804229|4.930966469428008E-4
10204222|1833567|4.5558086560364467E-4
10204222|17677052|3.817765334690761E-4
10204222|13846305|2.2522522522522523E-4
10204222|14490652|2.1055586749017406E-4
10204222|2892259|1.8428508903273365E-4
10204222|4094687|1.6944365998305564E-4
10225720|14345254|0.011538461538461539
10225720|14345231|0.01098901098901099
10225720|14345276|0.008356545961002786
10225720|17881498|0.0073964497041420114
10225720|13872555|0.0036003600360036
10225720|18738411|0.0022354694485842027
10225720|4098069|0.0014932802389248383
10225720|13324172|0.001189767995240928
10225720|19041498|0.0010741138560687433
10225720|13372149|5.703205201323143E-4
10225720|2804229|4.93339911198816E-4
10225720|4101305|3.9052330122363966E-4
10225720|8529420|2.8328611898016995E-4
10225720|20662548|1.8806419257773319E-4
10225720|4094687|1.6947237600271157E-4
10225720|2892259|9.214042200313278E-5
10227389|13824011|0.027417027417027416
10227389|13824215|0.02608695652173913
10227389|12775939|0.024013722126929673
10227389|12772587|0.02361111111111111
10227389|12774718|0.022565320665083134
10227389|14296530|0.021526418786692758
10227389|12774415|0.019801980198019802
10227389|13824238|0.019261637239165328
10227389|8177379|0.01925925925925926
10227389|12775680|0.01904761904761905
10227389|12774534|0.018258426966292134
10227389|14359896|0.017094017094017096
10227389|12774878|0.015521064301552107
10227389|13824377|0.014760147601476014
10227389|12776492|0.014492753623188406
10227389|8177235|0.014466546112115732
10227389|20662552|0.014229249011857707
10227389|13824393|0.014134275618374558
10227389|12771946|0.01393188854489164
10227389|13824368|0.013639626704953339
10238980|10266179|0.191793893129771
10238980|10403419|0.1416490486257928
10238980|7930223|0.09574468085106383
10238980|3016090|0.033386327503974564
10238980|8227515|0.02779252965126571
10238980|8567640|0.02005730659025788
10238980|2729796|0.016597510373443983
10238980|10419655|0.0136986301369863
10238980|9372680|0.013121546961325966
10238980|12034983|0.010054137664346482
10238980|4092465|0.008602150537634409
10238980|13845239|0.008403361344537815
10238980|4092532|0.007707129094412331
10238980|4412298|0.005415162454873646
10238980|8323840|0.0049586776859504135
10238980|9632840|0.004810583283223091
10238980|4091809|0.004807692307692308
10238980|8542892|0.003703703703703704
10238980|8120403|0.003386004514672686
10238980|8560875|0.0032537960954446853
10238994|4141181|0.06349206349206349
10238994|10410731|0.047619047619047616
10238994|12034983|0.01768990634755463
10238994|14455000|0.007228915662650603
10238994|9632840|0.00132890365448505
10238994|7445165|4.839685420447671E-4
10238994|2892259|9.220201461401931E-5
10238994|8090766|6.420683160688297E-5
10248308|14345281|0.06815761448349308
10248308|14345267|0.05872193436960276
10248308|18735398|0.03875968992248062
10248308|18745853|0.02707581227436823
10248308|18732163|0.02574257425742574
10248308|18800670|0.018404907975460124
10248308|18721834|0.01702127659574468
10248308|18719784|0.012738853503184714
10248308|18745925|0.012295081967213115
10248308|18745813|0.010869565217391304
10248308|18726674|0.010638297872340425
10248308|18927407|0.010309278350515464
10248308|13324172|0.010237068965517241
10248308|18705671|0.0087527352297593
10248308|18719835|0.008676789587852495
10248308|18936186|0.008456659619450317
10248308|13846614|0.008438818565400843
10248308|13824195|0.008146639511201629
10248308|18744902|0.008146639511201629
10248308|13824286|0.007707129094412331
10266179|10238980|0.191793893129771
10266179|10403419|0.10796645702306079
10266179|8227515|0.06735313977042538
10266179|7930223|0.0672182006204757
10266179|3016090|0.06704152249134948
10266179|9372680|0.023735810113519093
10266179|2729796|0.020263424518743668
10266179|12034983|0.01786711334450028
10266179|8567640|0.01486374896779521
10266179|8323840|0.01078167115902965
10266179|8120403|0.010057471264367816
10266179|4412298|0.008034610630407911
10266179|9632840|0.006783198539003391
10266179|8592367|0.006711409395973154
10266179|8442290|0.005917159763313609
10266179|8541044|0.00586756077116513
10266179|8568281|0.004970178926441352
10266179|8547213|0.0042941492216854536
10266179|4096140|0.004197761194029851
10266179|4095863|0.004166666666666667
10368651|12022248|0.3402171977924159
10368651|13535278|0.3110318791946309
10368651|14587419|0.23823529411764705
10368651|9340209|0.08210526315789474
10368651|8572736|0.07837620578778134
10368651|10651937|0.03627450980392157
10368651|2636438|0.028315037462972644
10368651|1918234|0.01960639242379402
10368651|2681641|0.017335610589239967
10368651|14618647|0.015938522840472463
10368651|6929113|0.01458506415582018
10368651|8106343|0.012069577564785232
10368651|624407|0.010984016362396789
10368651|8547208|0.010770855332629356
10368651|8705986|0.0072666294019005035
10368651|8441653|0.005802387267904509
10368651|11968039|0.005713508366208679
10368651|8708483|0.005081784976973162
10368651|8479118|0.004939271255060729
10368651|8538452|0.004295831882038779
10373617|12776761|0.043478260869565216
10373617|13324044|0.03915519696250593
10373617|18917550|0.03643144004589788
10373617|12774718|0.030591259640102827
10373617|18938481|0.029573842762674503
10373617|10530812|0.0269857433808554
10373617|18818811|0.024848803576124113
10373617|13324172|0.023325675914472523
10373617|13824368|0.023236514522821577
10373617|13399494|0.02280932064325566
10373617|8582223|0.021588486140724946
10373617|18748982|0.021254888624383607
10373617|12774878|0.021039209435766655
10373617|13324172|0.019400953029271615
10373617|18812362|0.0182370820668693
10373617|13372149|0.018045381454350546
10373617|18886740|0.017195767195767195
10373617|19615544|0.01656127672387835
10373617|18946819|0.016281895504252734
10373617|18158485|0.016213389121338913
10399879|8389541|0.021037868162692847
10399879|8442290|0.02040816326530612
10399879|15618161|0.018794048551292093
10399879|9916523|0.01876876876876877
10399879|9648925|0.0170316301703163
10399879|8569423|0.013574660633484163
10399879|8534277|0.012626262626262626
10399879|8624132|0.011940298507462687
10399879|4005513|0.011428571428571429
10399879|13872542|0.011299435028248588
10399879|15302702|0.01090909090909091
10399879|8560875|0.010075566750629723
10399879|4016582|0.009375
10399879|4078704|0.009345794392523364
10399879|12833373|0.00906344410876133
10399879|11594440|0.00827357970215113
10399879|10673017|0.007946210268948655
10399879|3914278|0.006355932203389831
10399879|10883024|0.005982053838484547
10399879|14490652|0.0049467010381104995
10403419|10238980|0.1416490486257928
10403419|10266179|0.10796645702306079
10403419|7930223|0.0802675585284281
10403419|12034983|0.017351598173515982
10403419|7425027|0.013452914798206279
10403419|9544425|0.011834319526627219
10403419|8227515|0.011713822310326185
10403419|2729796|0.010169491525423728
10403419|3016090|0.009764503159103963
10403419|8567640|0.009708737864077669
10403419|9737640|0.004672897196261682
10403419|9916523|0.003115264797507788
10403419|4006599|0.002912621359223301
10403419|9372680|0.0023584905660377358
10403419|9632840|0.0022271714922048997
10403419|4044302|0.001095890410958904
10403419|8388773|8.577555396711937E-4
10403419|3746262|7.579585649317837E-4
10403419|4096140|5.220114842526536E-4
10403419|8148865|5.218661935079845E-4
10410731|10238994|0.047619047619047616
10410731|9372680|0.0035555555555555557
10410731|8090766|1.7127320216660602E-4
10410731|2892259|6.916585973163646E-5
10419655|8757527|0.03614457831325301
10419655|13845239|0.02127659574468085
10419655|20126089|0.01809954751131222
10419655|8567640|0.014354066985645933
10419655|10238980|0.0136986301369863
10419655|8227515|0.007853881278538814
10419655|12920610|0.004728132387706856
10419655|9372680|0.004258943781942078
10419655|4412298|0.0036452004860267314
10419655|10266179|0.003131524008350731
10419655|3016090|0.0024125452352231603
10419655|15226154|0.002346316283435007
10419655|2804272|0.0018645121193287756
10419655|4096140|0.0014169323414806943
10419655|9632840|9.832841691248771E-4
10419655|8388773|5.796261411389654E-4
10419655|4092373|4.392708104546453E-4
10419655|4068865|4.2348955392433656E-4
10419655|4011141|3.299241174529858E-4
10419655|8148865|3.1622219879835566E-4
20568423|8239168|0.031746031746031744
20568423|10673017|0.002592352559948153
20568423|19291868|0.0020234722784297854
20568423|8492715|0.0019023462270133164
20568423|3016090|0.0017421602787456446
20568423|4092540|0.001693002257336343
20568423|4094288|0.0016281341582546401
20568423|10883024|0.0015682174594877157
20568423|2804229|0.001463652626443324
20568423|3746262|0.0012745347947998981
20568423|3015299|0.001067995728017088
20568423|2982237|9.84898227183191E-4
20568423|4068865|9.799804003919922E-4
20568423|8375913|7.74593338497289E-4
20568423|14490652|7.686395080707148E-4
20568423|4092373|7.636919048658084E-4
20568423|8925400|7.296607077708865E-4
20568423|8388773|5.743825387708214E-4
20568423|8227515|5.378271782000717E-4
20568423|4096140|5.250262513125656E-4
10373617|13399494|0.02280932064325566
13399494|10373617|0.032429816069699906
13399494|12772651|0.028985507246376812
13399494|8582223|0.02729585935692806
13399494|12774459|0.023599523241954707
13399494|14345295|0.023465325790907186
13399494|20662548|0.023415831021975676
13399494|12776113|0.021448290507538756
13399494|19615555|0.02103154732098147
13399494|10530812|0.020444053638162235
13399494|13372149|0.019534567691523695
13399494|10373617|0.019400953029271615
13399494|13323943|0.019395579612088407
13399494|20662546|0.018295403837572513
13399494|12774610|0.015287295730100159
13399494|13324044|0.015268729641693811
13399494|13399494|0.01524951359310091
13399494|14345285|0.015219560878243513
13399494|17881498|0.014782157676348547