1000000669|8090766
1000000913|8090766
1000001422|12774594
1000003077|8705986
1000003715|8090766,8148865
1000003974|8148865
1000004477|8148865
1000005462|8090766
1000005498|8090766
1000005885|19795795
1000006470|12772834,12774162,13845343,13846977,16016341,17879462,20662546,20662548
1000006704|10520734,18027814
1000009009|8090766,8148865
1000010609|19795795
1000010657|8090766
1000010841|8090766
1000011542|8148865
1000011737|18709444
1000011981|8148865
1000012364|8090766
1000012869|19615310
1000013486|8090766,8148865
1000013824|19795795
1000015456|8090766,8148865
100001667|8148865
1000018492|2892259,4011141
1000019291|8148865
1000019684|19795795
1000019804|8090766
1000020757|8090766
1000001695|8388773,14455000