30030857|27416034|0.21420689092869627|23
30030857|9580626|0.21399987547957586|24
30030857|5063045|0.2139009959398101|25
30030857|34483752|0.21390072379338126|26
30030857|9398407|0.21389026564567917|27
30030857|450258|0.21387005388060282|28
30030857|9343234|0.21385722804803098|29
30030857|9477795|0.21384203029817325|30
30030857|9279952|0.2137403441564059|31
30030857|9444438|0.2136606718730936|32
30030857|607539|0.21349364523423214|33
30030857|1427624|0.2134650769684082|34
30030857|9334968|0.2134239884869764|35
30030857|9372568|0.21340486234334935|36
30030857|1380624|0.2133809529867769|37
30030857|9253758|0.2130730073220396|38
30030857|1433004|0.21299337856682454|39
30030857|9307347|0.2128692889901098|40
30030857|9381822|0.2128478193765837|41
30030857|9340624|0.2127006932652043|42
30030857|46711|0.21269011584653258|43
30030857|1409246|0.21257503974816241|44
1372769|9396234|0.21250929816095437|45
1372769|9502488|0.21243620996747253|46
1372769|9337700|0.2117355894464703|47
1372769|9568819|0.2113688121369424|48
1372769|9353461|0.21120669323622787|49
1372769|1344654|0.21111958473924328|50
1372769|8133|0.21106580814828782|51
1372769|9328939|0.21093908933805985|52
1372769|13007|0.21092275182845768|53
1372769|9608214|0.21017921747808532|54
1372769|27901772|0.2101245221912842|55
1372769|9450992|0.21004546180806952|56
1372769|9577446|0.20995400605787598|57
1372769|9396446|0.20992913369177815|58
1372769|28733056|0.2098485058849515|59
1372769|1348465|0.20982551601039776|60
1372769|26756529|0.20976818872964625|61
1372769|9468048|0.20970013044208083|62
1372769|25644|0.2095798246960704|63
1372769|9343436|0.20955136034475377|64
1372769|603325|0.20870619296386445|65
1372769|9475592|0.20856328209749053|66
619294|4116587|0.20848911700638728|67
619294|14205860|0.20832195027274195|68
619294|9356179|0.20820043616378647|69
619294|34149429|0.2080754729629844|70
619294|34167318|0.20792397099063323|71
619294|9401603|0.20739891581617753|72
619294|567627|0.2073239129126639|73
619294|18495|0.20724166955040138|74