26
37
167
180
648
792
966
1008
1037
1071
1270
1298
1348
1553
1636
1654
1910
2114
2127
2316
2834
2972
3005
3378
3784
5004
6828
12662
13949
14309
16349
16800
16999
17218
17385
18044
18886
19236
20116
22693
22850
24021
48728
60189
116974
143507
171619
348085
407379
410782
423277
449619
450961
500922
504096
532623
579988
580165
597910
603114
604610
608897
623303
630300
641853
651007
658684
868324
1228958
1230296
1241994
1246472
1251172
1259158
1295209
1311501
1311541
1333130
1362839
1373937
1374611
1376402
1386482
1386559
1387116
1396078
1398050
1412207
1412251
1419652
1426765
1428598
1431842
1432639
1437970
1442507
1462118
1474718
1483481
1486276s