1!232,3546,576,257,4783,78903,5923583,6787943,57698934,4545,678,3,85753,68993
2!2325,3546,576,257,43,78903,5923583,6787943,57698934,4545,678,3,85753,6893
3!2325,3546,576,257,4783,7903,5983,678743,5769934,4545,678,3,85753,6893
4!2325,3546,576,257,43,78903,5923583,6787943,578934,4545,678,3,85753,6893
5!2325,3546,576,257,4783,78903,53583,6787943,5798934,4545,678,3,85753,68993
6!2325,3546,56,27,47,7803,5923583,67943,579834,4545,678,3,85753,6893
7!2325,3546,576,257,4783,78903,592583,6787943,5768934,4545,678,3,85753,68993
8!2325,3546,576,257,4783,78903,5923583,677943,5768934,4545,678,3,85753,6893
9!57698934,4545,678,3,85753,68993,2325,3546,576,257,4783,7803,5923583,6787943
10!2325,3546,576,257,4783,78903,5923583,7943,57698934,545,678,3,85753,68993
11!2325,3546,576,257,4783,7903,5923583,6787943,5769934,4545,678,3,85753,68993
12!2325,3546,576,257,4783,7903,5923583,6787943,5768934,4545,678,3,85753,68993
13!2325,3546,576,257,4783,78903,5923583,6943,57698934,445,678,3,85753,683
15!225,3546,576,257,4783,78903,5923583,6787943,57698934,455,678,3,85753,68993
16!2325,3546,576,27,4783,7803,592,6787943,5769934,4545,678,3,85753,6993
17!235,3546,576,25,4783,78903,5923583,6943,698934,4545,678,3,85753,68993
18!2325,356,576,257,4783,78903,53583,678943,5769893,4545,678,3,85753,8993
19!2325,356,576,25,4783,78903,592383,687943,57698934,4545,678,3,85753,993
20!2325,3546,56,257,483,7803,593583,678794,57698934,4545,678,3,85753,68993
21!235,3546,576,257,4783,78903,5923583,6787943,57698934,4545,678,3,85753,68993
22!2325,3546,576,25,783,78903,5923583,678793,57698934,4545,678,3,85753,683

