100031|100089|0|0|1|0|0|0|0|520|103|0.436538462|0.087378641
100089|100127|0|0|1|520|103|0.436538462|0.087378641|0|0|0|0
100089|100160|0|0|1|1313|182|0.281797411|0.032967033|370|110|0.508108108|0.1
100143|100160|0|0|1|790|158|0.558227848|0.044303797|370|110|0.508108108|0.1
100132|100160|0|0|1|328|101|0.43902439|0.059405941|370|110|0.508108108|0.1
100089|100217|0|0|1|1192|104|0.618288591|0.086538462|0|0|0|0
100336|100499|0|0|0.836101829|0|0|0|0|0|0|0|0
100325|100499|0|0|0.836101829|911|163|0.27442371|0.036809816|0|0|0|0
100029|100530|0|0|0.763646283|622|107|0.443729904|0.074766355|0|0|0|0
100408|100623|0|0|1|721|293|0.382801664|0.020477816|0|0|0|0
100462|100623|0|0|0.778511641|0|0|0|0|0|0|0|0
100455|100705|0|0|1|0|0|0|0|776|162|0.480670103|0.037037037
100006|100706|0|0|1|0|0|0|0|2411|564|0.773123185|0.014184397
100654|100706|0|0|0.646478312|0|0|0|0|2411|564|0.773123185|0.014184397
100938|100952|0|0|1|251|123|0.486055777|0.048780488|619|266|0.549273021|0.026315789
100523|100952|0|0|0.840863754|685|175|0.340145985|0.034285714|619|266|0.549273021|0.026315789
100541|100952|0|0|1|572|213|0.398601399|0.028169014|619|266|0.549273021|0.026315789
100089|100952|0|0|1|535|189|0.54953271|0.031746032|619|266|0.549273021|0.026315789
100518|100952|0|0|0.759905846|0|0|0|0|619|266|0.549273021|0.026315789
100871|100952|0|0|0.840863754|790|316|0.484810127|0.018987342|619|266|0.549273021|0.026315789
100520|100952|0|0|1|1351|216|0.370096225|0.027777778|619|266|0.549273021|0.026315789
100496|100952|0|0|1|1546|643|0.499353169|0.01244168|619|266|0.549273021|0.026315789
100371|100952|0|0|0.840863754|0|0|0|0|619|266|0.549273021|0.026315789
100256|100966|0|0|1|0|0|0|0|1822|130|0.141602634|0.1
100274|100992|0|0|1|0|0|0|0|576|103|0.190972222|0.058252427
100599|101013|0|0|1|0|0|0|0|0|0|0|0
100625|101013|0|0|1|0|0|0|0|0|0|0|0
100089|101013|0|0|1|0|0|0|0|0|0|0|0
100722|101013|0|0|1|0|0|0|0|0|0|0|0
100716|101013|0|0|1|0|0|0|0|0|0|0|0
101009|101013|0|0|1|655|127|0.665648855|0.047244094|0|0|0|0
100675|101013|0|0|1|0|0|0|0|0|0|0|0
100718|101013|0|0|1|0|0|0|0|0|0|0|0
100736|101013|0|0|1|0|0|0|0|0|0|0|0
100493|101079|0|0|1|0|0|0|0|0|0|0|0
100233|101151|0|0|0.781510215|0|0|0|0|0|0|0|0
100001|101151|0|0|1|479|101|0.490605428|0.059405941|0|0|0|0
100960|101170|0|0|0.786616982|633|227|0.573459716|0.026431718|603|104|0.525704809|0.057692308
100647|101188|0|0|1|463|104|0.51187905|0.067307692|575|103|0.695652174|0.058252427
100075|101188|0|0|1|834|110|0.569544365|0.054545455|575|103|0.695652174|0.058252427
100642|101188|0|0|1|0|0|0|0|575|103|0.695652174|0.058252427
100105|101188|0|0|1|0|0|0|0|575|103|0.695652174|0.058252427
100178|101245|0|0|1|0|0|0|0|0|0|0|0
100173|101245|0|0|1|0|0|0|0|0|0|0|0
101306|101322|0|0|1|0|0|0|0|0|0|0|0
101304|101322|0|0|0.646478312|0|0|0|0|0|0|0|0
100210|101322|0|0|1|0|0|0|0|0|0|0|0
100885|101322|0|0|1|0|0|0|0|0|0|0|0
101321|101322|0|0|1|0|0|0|0|0|0|0|0
101308|101322|0|0|1|0|0|0|0|0|0|0|0
100723|101322|0|0|0.627740867|2439|166|0.256662567|0.084337349|0|0|0|0
101292|101322|0|0|0.627740867|0|0|0|0|0|0|0|0
101240|101343|0|0|0.755328775|1080|172|0.276851852|0.098837209|0|0|0|0
101328|101343|0|0|0.76677226|401|101|0.593516209|0.089108911|0|0|0|0
101022|101343|0|0|0.755328775|0|0|0|0|0|0|0|0
100211|101407|0|0|0.786616982|0|0|0|0|1373|264|0.500364166|0.022727273
100212|101407|0|0|1|506|101|0.539525692|0.059405941|1373|264|0.500364166|0.022727273
101349|101407|0|0|0.772765229|0|0|0|0|1373|264|0.500364166|0.022727273
100469|101407|0|0|1|0|0|0|0|1373|264|0.500364166|0.022727273
100453|101407|0|0|1|0|0|0|0|1373|264|0.500364166|0.022727273
101310|101407|0|0|1|0|0|0|0|1373|264|0.500364166|0.022727273
100138|101452|0|0|1|735|142|0.274829932|0.042253521|1293|212|0.336426914|0.094339623
101338|101452|0|0|1|525|101|0.497142857|0.059405941|1293|212|0.336426914|0.094339623
100143|101452|0|0|1|790|158|0.558227848|0.044303797|1293|212|0.336426914|0.094339623
100211|101541|0|0|0.786616982|0|0|0|0|0|0|0|0
101519|101541|0|0|1|0|0|0|0|0|0|0|0
101310|101541|0|0|1|0|0|0|0|0|0|0|0
100453|101541|0|0|1|0|0|0|0|0|0|0|0
100469|101541|0|0|1|0|0|0|0|0|0|0|0
101349|101541|0|0|0.772765229|0|0|0|0|0|0|0|0
101407|101541|0|0|1|1373|264|0.500364166|0.022727273|0|0|0|0
100212|101541|0|0|1|506|101|0.539525692|0.059405941|0|0|0|0
101418|101541|0|0|1|1069|102|0.413470533|0.058823529|0|0|0|0
100976|101594|0|0|0.703047722|0|0|0|0|0|0|0|0
100195|101594|0|0|0.837787902|1117|322|0.833482543|0.02173913|0|0|0|0
100534|101594|0|0|0.836101829|0|0|0|0|0|0|0|0
100871|101594|0|0|1|790|316|0.484810127|0.018987342|0|0|0|0
100499|101594|0|0|0.715499212|0|0|0|0|0|0|0|0
100336|101594|0|0|0.836101829|0|0|0|0|0|0|0|0
100325|101594|0|0|0.836101829|911|163|0.27442371|0.036809816|0|0|0|0
100496|101594|0|0|0.836101829|1546|643|0.499353169|0.01244168|0|0|0|0
100509|101594|0|0|0.715499212|0|0|0|0|0|0|0|0
100371|101594|0|0|1|0|0|0|0|0|0|0|0
100693|101687|0|0|1|0|0|0|0|1258|115|0.36009539|0.069565217
100100|101697|0|0|1|1537|483|0.402732596|0.01242236|918|135|0.279956427|0.044444444
100586|101761|0|0|0.659950384|0|0|0|0|0|0|0|0
101375|101761|0|0|1|801|135|0.785268414|0.044444444|0|0|0|0
101652|101786|0|0|0.786616982|478|117|0.238493724|0.051282051|3227|482|0.394793926|0.014522822
100730|101786|0|0|0.775510614|1166|286|0.457118353|0.020979021|3227|482|0.394793926|0.014522822
100840|101869|0|0|1|0|0|0|0|0|0|0|0
100005|101869|0|0|1|0|0|0|0|0|0|0|0
101058|101869|0|0|1|0|0|0|0|0|0|0|0
101645|101869|0|0|1|530|121|0.475471698|0.049586777|0|0|0|0
100131|101869|0|0|1|0|0|0|0|0|0|0|0
101599|101869|0|0|0.786616982|0|0|0|0|0|0|0|0
101863|101869|0|0|0.777820009|274|103|0.405109489|0.058252427|0|0|0|0
101658|101910|0|0|0.777820009|0|0|0|0|0|0|0|0
100094|101910|0|0|0.777820009|457|101|0.647702407|0.069306931|0|0|0|0
100005|101982|0|0|1|0|0|0|0|0|0|0|0
100840|101982|0|0|1|0|0|0|0|0|0|0|0
