113614455950971149463139149350182735027|597697|117063|499374|0.4|0.0|0.0|0|499374|0.0|0.0|0|0|0.0|0.0
113614455950971149463139149350182735027|597697|117063|117063|0.4|0.0|0.0|0|117063|0.0|0.0|0|0|0.0|0.0
113614455950971149463139149350182735027|597697|117063|151040|0.4|0.0|0.0|0|151040|0.0|0.0|0|0|0.1|0.0
113614455950971149463139149350182735027|597697|117063|680109|0.2|0.0|0.0|0|680109|0.0|0.0|0|0|0.0|0.0
113614455950971149463139149350182735027|597697|117063|241024|0.4|0.0|0.0|0|241024|0.0|0.0|0|0|0.0|0.0
113614455950971149463139149350182735027|597697|117063|606938|0.2|0.3380504410933591|0.7316307829533882|0|606938|0.0|0.0|0|0|0.0|0.0
113614455950971149463139149350182735027|597697|117063|735007|0.2|0.0|0.5716509032440985|0|735007|0.0|0.0|0|0|0.0|0.0
113614455950971149463139149350182735027|597697|117063|190392|0.2|0.0|0.0|0|190392|0.0|0.0|0|0|0.0|0.0
113614455950971149463139149350182735027|597697|117063|182606|0.4|0.0|0.0|0|182606|0.0|0.0|0|0|0.0|0.0
113614455950971149463139149350182735027|597697|117063|397727|0.2|0.0|0.0|0|397727|0.0|0.0|0|0|0.0|0.0
113614455950971149463139149350182735027|597697|117063|597758|0.0|0.22579327217700737|0.5716509032440985|0|597758|0.0|0.0|0|0|0.0|0.0
113614455950971149463139149350182735027|597697|117063|264207|0.4|0.0|0.0|0|264207|0.0|0.0|0|0|0.0|0.0
113614455950971149463139149350182735027|597697|117063|574517|0.6|0.0|0.0|0|574517|0.0|0.0|0|0|0.0|0.0
113614455950971149463139149350182735027|597697|117063|19198|0.2|0.0|0.0|0|19198|0.0|0.0|0|0|0.0|0.0
113614455950971149463139149350182735027|597697|117063|585374|0.6|0.0|0.0|0|585374|0.0|0.0|0|0|0.0|0.0
113614455950971149463139149350182735027|597697|117063|597763|0.0|0.6816417869058791|0.26876235221286776|0|597763|0.0|0.0|0|0|0.0|0.0
113614455950971149463139149350182735027|597697|117063|607517|0.9|0.7550398749929529|0.1345777436895618|0|607517|0.0|0.0|0|0|0.0|0.5